Id,Start time,Completion time,Email,Name,Last name,First name,Slot 1,Slot 2,Slot 3,Slot 4,Slot 5,Slot 6,Slot 7,Slot 8,Slot 9,Slot 10,Slot 11,Slot 12,Slot 13,Slot 14,Slot 15,Slot 16,Slot 17,Slot 18,Slot 19,Slot 20,Slot 21,Slot 22,Slot 23,Slot 24,Slot 25,Slot 26,Slot 27,Slot 28,Slot 29,Slot 30,Slot 31,Slot 32,Slot 33,Slot 34,Slot 35,Slot 36,Slot 37,Slot 38,Slot 39,Slot 40,Slot 41,Slot 42,Slot 43,Slot 44,Slot 45,Slot 46,Slot 47,Slot 48,Slot 49,Slot 50,Slot 51,Slot 52,Slot 53,Slot 54,Slot 55,Slot 56,Slot 57,Slot 58,Slot 59,Slot 60,Slot 61,Slot 62,Slot 63,Slot 64,Slot 65,Slot 66,Slot 67
1,11/04/25 12:49,11/04/25 12:51,guard1@example.edu,Last1,Last1,First1,CANNOT-SELECT,CANNOT-SELECT,OK,CANNOT-SELECT,OK,CANNOT-SELECT,OK,OK,OK,OK,CANNOT-SELECT,OK,OK,OK,OK,OK,OK,CANNOT-SELECT,CANNOT-SELECT,OK,OK,MUST-SELECT,OK,OK,OK,OK,CANNOT-SELECT,OK,CANNOT-SELECT,CANNOT-SELECT,OK,OK,OK,OK,OK,OK,OK,OK,OK,CANNOT-SELECT,OK,OK,OK,OK,CANNOT-SELECT,CANNOT-SELECT,OK,OK,OK,OK,CANNOT-SELECT,CANNOT-SELECT,OK,OK,CANNOT-SELECT,CANNOT-SELECT,OK,OK,CANNOT-SELECT,CANNOT-SELECT,OK,CANNOT-SELECT,OK,OK,OK,OK,OK
2,11/04/25 12:49,11/04/25 12:51,guard2@example.edu,Last2,Last2,First2,CANNOT-SELECT,OK,OK,OK,OK,OK,OK,OK,CANNOT-SELECT,OK,MUST-SELECT,OK,OK,OK,OK,OK,OK,CANNOT-SELECT,CANNOT-SELECT,OK,CANNOT-SELECT,OK,OK,OK,OK,OK,OK,OK,CANNOT-SELECT,OK,CANNOT-SELECT,OK,OK,OK,OK,CANNOT-SELECT,OK,OK,OK,CANNOT-SELECT,OK,CANNOT-SELECT,OK,CANNOT-SELECT,CANNOT-SELECT,OK,OK,OK,CANNOT-SELECT,CANNOT-SELECT,CANNOT-SELECT,OK,OK,CANNOT-SELECT,CANNOT-SELECT,CANNOT-SELECT,OK,OK,CANNOT-SELECT,CANNOT-SELECT,OK,OK,OK,OK,OK,OK,OK
3,11/04/25 12:49,11/04/25 12:51,guard3@example.edu,Last3,Last3,First3,OK,OK,CANNOT-SELECT,CANNOT-SELECT,OK,OK,OK,OK,OK,OK,OK,OK,CANNOT-SELECT,OK,OK,CANNOT-SELECT,OK,OK,OK,OK,CANNOT-SELECT,OK,OK,OK,OK,CANNOT-SELECT,OK,CANNOT-SELECT,CANNOT-SELECT,OK,OK,CANNOT-SELECT,OK,CANNOT-SELECT,OK,OK,OK,OK,OK,CANNOT-SELECT,CANNOT-SELECT,OK,OK,CANNOT-SELECT,OK,OK,OK,OK,OK,CANNOT-SELECT,OK,OK,CANNOT-SELECT,OK,CANNOT-SELECT,OK,OK,CANNOT-SELECT,MUST-SELECT,OK,CANNOT-SELECT,OK,CANNOT-SELECT,CANNOT-SELECT,OK,OK,OK
4,11/04/25 12:49,11/04/25 12:51,guard4@example.edu,Last4,Last4,First4,OK,CANNOT-SELECT,OK,OK,OK,CANNOT-SELECT,CANNOT-SELECT,OK,CANNOT-SELECT,OK,OK,CANNOT-SELECT,OK,OK,OK,CANNOT-SELECT,CANNOT-SELECT,OK,OK,OK,OK,OK,CANNOT-SELECT,OK,OK,OK,OK,CANNOT-SELECT,OK,OK,OK,OK,OK,OK,OK,OK,OK,OK,CANNOT-SELECT,CANNOT-SELECT,OK,CANNOT-SELECT,OK,OK,OK,OK,CANNOT-SELECT,CANNOT-SELECT,OK,CANNOT-SELECT,OK,OK,CANNOT-SELECT,OK,OK,OK,CANNOT-SELECT,OK,OK,OK,OK,CANNOT-SELECT,CANNOT-SELECT,OK,CANNOT-SELECT,OK,OK
5,11/04/25 12:49,11/04/25 12:51,guard5@example.edu,Last5,Last5,First5,OK,OK,OK,OK,CANNOT-SELECT,OK,CANNOT-SELECT,OK,OK,OK,CANNOT-SELECT,OK,OK,OK,OK,OK,CANNOT-SELECT,OK,OK,OK,CANNOT-SELECT,CANNOT-SELECT,OK,OK,OK,OK,CANNOT-SELECT,OK,CANNOT-SELECT,CANNOT-SELECT,CANNOT-SELECT,OK,OK,CANNOT-SELECT,OK,OK,CANNOT-SELECT,OK,OK,OK,OK,OK,OK,CANNOT-SELECT,CANNOT-SELECT,OK,OK,OK,OK,OK,CANNOT-SELECT,OK,CANNOT-SELECT,OK,OK,CANNOT-SELECT,OK,OK,OK,OK,OK,OK,CANNOT-SELECT,OK,CANNOT-SELECT,CANNOT-SELECT,OK
6,11/04/25 12:49,11/04/25 12:51,guard6@example.edu,Last6,Last6,First6,OK,OK,OK,OK,OK,OK,CANNOT-SELECT,OK,CANNOT-SELECT,OK,OK,CANNOT-SELECT,CANNOT-SELECT,OK,CANNOT-SELECT,OK,OK,OK,OK,OK,OK,OK,OK,OK,OK,OK,OK,OK,OK,CANNOT-SELECT,OK,OK,OK,CANNOT-SELECT,OK,OK,OK,CANNOT-SELECT,OK,OK,CANNOT-SELECT,OK,OK,CANNOT-SELECT,OK,CANNOT-SELECT,OK,CANNOT-SELECT,CANNOT-SELECT,OK,OK,OK,OK,CANNOT-SELECT,CANNOT-SELECT,CANNOT-SELECT,OK,OK,OK,CANNOT-SELECT,OK,CANNOT-SELECT,OK,CANNOT-SELECT,CANNOT-SELECT,OK,OK
7,11/04/25 12:49,11/04/25 12:51,guard7@example.edu,Last7,Last7,First7,OK,CANNOT-SELECT,OK,OK,OK,OK,OK,OK,CANNOT-SELECT,OK,CANNOT-SELECT,CANNOT-SELECT,CANNOT-SELECT,OK,CANNOT-SELECT,CANNOT-SELECT,CANNOT-SELECT,OK,OK,OK,OK,CANNOT-SELECT,OK,OK,OK,OK,OK,OK,CANNOT-SELECT,OK,OK,OK,CANNOT-SELECT,CANNOT-SELECT,OK,OK,OK,OK,OK,CANNOT-SELECT,OK,CANNOT-SELECT,OK,OK,OK,OK,OK,CANNOT-SELECT,OK,OK,OK,OK,OK,CANNOT-SELECT,OK,OK,OK,CANNOT-SELECT,CANNOT-SELECT,OK,OK,CANNOT-SELECT,CANNOT-SELECT,OK,OK,OK,OK
8,11/04/25 12:49,11/04/25 12:51,guard8@example.edu,Last8,Last8,First8,OK,OK,OK,CANNOT-SELECT,CANNOT-SELECT,CANNOT-SELECT,OK,OK,CANNOT-SELECT,CANNOT-SELECT,OK,CANNOT-SELECT,OK,OK,OK,OK,OK,OK,OK,OK,CANNOT-SELECT,OK,CANNOT-SELECT,CANNOT-SELECT,OK,OK,OK,OK,CANNOT-SELECT,OK,OK,CANNOT-SELECT,OK,OK,OK,OK,CANNOT-SELECT,OK,OK,OK,OK,MUST-SELECT,OK,CANNOT-SELECT,CANNOT-SELECT,OK,OK,OK,OK,OK,OK,OK,OK,CANNOT-SELECT,CANNOT-SELECT,OK,OK,OK,OK,OK,CANNOT-SELECT,OK,OK,CANNOT-SELECT,CANNOT-SELECT,OK,CANNOT-SELECT
9,11/04/25 12:49,11/04/25 12:51,guard9@example.edu,Last9,Last9,First9,OK,OK,OK,OK,OK,OK,OK,CANNOT-SELECT,CANNOT-SELECT,OK,OK,CANNOT-SELECT,OK,OK,CANNOT-SELECT,OK,CANNOT-SELECT,OK,OK,OK,OK,OK,CANNOT-SELECT,OK,OK,CANNOT-SELECT,CANNOT-SELECT,OK,OK,CANNOT-SELECT,OK,OK,CANNOT-SELECT,OK,OK,CANNOT-SELECT,CANNOT-SELECT,OK,OK,CANNOT-SELECT,CANNOT-SELECT,OK,OK,CANNOT-SELECT,OK,OK,OK,CANNOT-SELECT,OK,OK,OK,OK,CANNOT-SELECT,CANNOT-SELECT,CANNOT-SELECT,OK,OK,OK,CANNOT-SELECT,OK,OK,OK,OK,OK,OK,OK,OK
10,11/04/25 12:49,11/04/25 12:51,guard10@example.edu,Last10,Last10,First10,OK,OK,CANNOT-SELECT,OK,CANNOT-SELECT,OK,OK,OK,OK,OK,CANNOT-SELECT,CANNOT-SELECT,CANNOT-SELECT,OK,CANNOT-SELECT,OK,OK,OK,CANNOT-SELECT,OK,CANNOT-SELECT,CANNOT-SELECT,OK,CANNOT-SELECT,OK,OK,CANNOT-SELECT,OK,OK,OK,OK,CANNOT-SELECT,MUST-SELECT,OK,OK,OK,CANNOT-SELECT,OK,OK,OK,OK,CANNOT-SELECT,OK,CANNOT-SELECT,OK,CANNOT-SELECT,OK,OK,OK,OK,OK,OK,OK,OK,CANNOT-SELECT,OK,OK,OK,OK,CANNOT-SELECT,CANNOT-SELECT,OK,OK,CANNOT-SELECT,OK,OK,OK
11,11/04/25 12:49,11/04/25 12:51,guard11@example.edu,Last11,Last11,First11,CANNOT-SELECT,CANNOT-SELECT,CANNOT-SELECT,OK,CANNOT-SELECT,OK,OK,CANNOT-SELECT,CANNOT-SELECT,OK,OK,OK,OK,OK,CANNOT-SELECT,OK,OK,OK,CANNOT-SELECT,OK,OK,CANNOT-SELECT,OK,OK,OK,OK,OK,OK,OK,OK,CANNOT-SELECT,OK,OK,OK,CANNOT-SELECT,OK,OK,OK,OK,MUST-SELECT,CANNOT-SELECT,CANNOT-SELECT,OK,CANNOT-SELECT,CANNOT-SELECT,OK,CANNOT-SELECT,OK,OK,CANNOT-SELECT,OK,CANNOT-SELECT,OK,CANNOT-SELECT,CANNOT-SELECT,OK,OK,OK,OK,OK,OK,OK,OK,OK,OK,OK,OK
12,11/04/25 12:49,11/04/25 12:51,guard12@example.edu,Last12,Last12,First12,OK,OK,CANNOT-SELECT,OK,OK,OK,OK,OK,CANNOT-SELECT,OK,OK,OK,OK,OK,OK,OK,OK,OK,OK,OK,OK,CANNOT-SELECT,OK,OK,OK,OK,CANNOT-SELECT,OK,OK,OK,CANNOT-SELECT,OK,OK,OK,OK,CANNOT-SELECT,CANNOT-SELECT,CANNOT-SELECT,OK,CANNOT-SELECT,CANNOT-SELECT,CANNOT-SELECT,OK,CANNOT-SELECT,OK,CANNOT-SELECT,OK,OK,OK,OK,OK,CANNOT-SELECT,OK,OK,CANNOT-SELECT,OK,CANNOT-SELECT,OK,CANNOT-SELECT,CANNOT-SELECT,OK,OK,OK,CANNOT-SELECT,OK,OK,CANNOT-SELECT
13,11/04/25 12:49,11/04/25 12:51,guard13@example.edu,Last13,Last13,First13,OK,OK,CANNOT-SELECT,OK,OK,CANNOT-SELECT,OK,CANNOT-SELECT,CANNOT-SELECT,CANNOT-SELECT,OK,CANNOT-SELECT,OK,OK,OK,OK,OK,OK,CANNOT-SELECT,OK,CANNOT-SELECT,OK,OK,OK,OK,OK,MUST-SELECT,CANNOT-SELECT,OK,OK,OK,OK,OK,CANNOT-SELECT,OK,CANNOT-SELECT,OK,OK,CANNOT-SELECT,OK,CANNOT-SELECT,OK,OK,OK,OK,OK,OK,OK,CANNOT-SELECT,CANNOT-SELECT,CANNOT-SELECT,OK,CANNOT-SELECT,OK,OK,OK,OK,OK,OK,CANNOT-SELECT,OK,CANNOT-SELECT,OK,OK,OK,CANNOT-SELECT,OK
14,11/04/25 12:49,11/04/25 12:51,guard14@example.edu,Last14,Last14,First14,OK,CANNOT-SELECT,OK,OK,OK,OK,OK,OK,OK,OK,CANNOT-SELECT,OK,CANNOT-SELECT,CANNOT-SELECT,OK,OK,OK,OK,OK,CANNOT-SELECT,OK,CANNOT-SELECT,CANNOT-SELECT,OK,OK,OK,CANNOT-SELECT,CANNOT-SELECT,CANNOT-SELECT,CANNOT-SELECT,OK,OK,CANNOT-SELECT,CANNOT-SELECT,CANNOT-SELECT,CANNOT-SELECT,CANNOT-SELECT,OK,CANNOT-SELECT,OK,OK,OK,OK,OK,OK,OK,OK,OK,CANNOT-SELECT,OK,OK,OK,CANNOT-SELECT,OK,OK,OK,OK,OK,OK,OK,OK,OK,OK,OK,MUST-SELECT,OK,CANNOT-SELECT
15,11/04/25 12:49,11/04/25 12:51,guard15@example.edu,Last15,Last15,First15,OK,OK,CANNOT-SELECT,OK,OK,CANNOT-SELECT,OK,OK,OK,OK,CANNOT-SELECT,OK,OK,CANNOT-SELECT,CANNOT-SELECT,CANNOT-SELECT,CANNOT-SELECT,CANNOT-SELECT,OK,OK,OK,OK,OK,OK,OK,OK,CANNOT-SELECT,OK,CANNOT-SELECT,OK,OK,OK,OK,OK,CANNOT-SELECT,OK,OK,OK,CANNOT-SELECT,OK,OK,CANNOT-SELECT,OK,CANNOT-SELECT,OK,CANNOT-SELECT,OK,OK,CANNOT-SELECT,CANNOT-SELECT,OK,OK,OK,CANNOT-SELECT,OK,OK,OK,OK,CANNOT-SELECT,OK,MUST-SELECT,OK,OK,OK,OK,OK,CANNOT-SELECT
16,11/04/25 12:49,11/04/25 12:51,guard16@example.edu,Last16,Last16,First16,OK,CANNOT-SELECT,CANNOT-SELECT,OK,OK,CANNOT-SELECT,OK,CANNOT-SELECT,OK,OK,OK,CANNOT-SELECT,CANNOT-SELECT,OK,OK,CANNOT-SELECT,CANNOT-SELECT,OK,CANNOT-SELECT,OK,OK,OK,OK,OK,CANNOT-SELECT,OK,OK,OK,OK,OK,OK,OK,OK,OK,CANNOT-SELECT,OK,CANNOT-SELECT,OK,CANNOT-SELECT,OK,CANNOT-SELECT,OK,CANNOT-SELECT,CANNOT-SELECT,OK,OK,CANNOT-SELECT,OK,OK,OK,OK,CANNOT-SELECT,OK,OK,OK,OK,OK,OK,OK,OK,OK,OK,OK,OK,OK,CANNOT-SELECT,CANNOT-SELECT
17,11/04/25 12:49,11/04/25 12:51,guard17@example.edu,Last17,Last17,First17,OK,CANNOT-SELECT,OK,OK,OK,OK,CANNOT-SELECT,OK,OK,CANNOT-SELECT,OK,OK,OK,OK,OK,OK,CANNOT-SELECT,CANNOT-SELECT,OK,OK,OK,OK,CANNOT-SELECT,CANNOT-SELECT,CANNOT-SELECT,OK,CANNOT-SELECT,CANNOT-SELECT,OK,CANNOT-SELECT,OK,CANNOT-SELECT,OK,OK,CANNOT-SELECT,OK,CANNOT-SELECT,OK,OK,OK,OK,OK,OK,OK,CANNOT-SELECT,OK,OK,OK,OK,OK,CANNOT-SELECT,OK,CANNOT-SELECT,OK,OK,OK,OK,OK,OK,OK,CANNOT-SELECT,CANNOT-SELECT,CANNOT-SELECT,OK,OK,OK,OK
18,11/04/25 12:49,11/04/25 12:51,guard18@example.edu,Last18,Last18,First18,OK,OK,OK,OK,OK,MUST-SELECT,OK,CANNOT-SELECT,OK,CANNOT-SELECT,OK,OK,OK,CANNOT-SELECT,OK,CANNOT-SELECT,OK,CANNOT-SELECT,OK,OK,CANNOT-SELECT,CANNOT-SELECT,OK,CANNOT-SELECT,OK,OK,OK,CANNOT-SELECT,OK,OK,CANNOT-SELECT,OK,CANNOT-SELECT,OK,OK,CANNOT-SELECT,CANNOT-SELECT,CANNOT-SELECT,OK,OK,OK,OK,CANNOT-SELECT,OK,CANNOT-SELECT,CANNOT-SELECT,OK,CANNOT-SELECT,OK,CANNOT-SELECT,OK,CANNOT-SELECT,OK,OK,OK,OK,OK,OK,OK,OK,OK,OK,OK,OK,OK,OK,OK
19,11/04/25 12:49,11/04/25 12:51,guard19@example.edu,Last19,Last19,First19,OK,OK,OK,CANNOT-SELECT,OK,OK,OK,OK,OK,OK,OK,OK,CANNOT-SELECT,CANNOT-SELECT,OK,CANNOT-SELECT,OK,OK,OK,OK,OK,CANNOT-SELECT,CANNOT-SELECT,CANNOT-SELECT,OK,OK,OK,OK,OK,OK,CANNOT-SELECT,OK,CANNOT-SELECT,OK,OK,OK,OK,CANNOT-SELECT,CANNOT-SELECT,OK,OK,OK,OK,OK,CANNOT-SELECT,OK,OK,CANNOT-SELECT,CANNOT-SELECT,OK,OK,OK,OK,OK,CANNOT-SELECT,CANNOT-SELECT,OK,OK,CANNOT-SELECT,OK,CANNOT-SELECT,OK,CANNOT-SELECT,OK,CANNOT-SELECT,OK,OK
20,11/04/25 12:49,11/04/25 12:51,guard20@example.edu,Last20,Last20,First20,OK,OK,CANNOT-SELECT,CANNOT-SELECT,OK,CANNOT-SELECT,OK,OK,CANNOT-SELECT,CANNOT-SELECT,OK,OK,OK,CANNOT-SELECT,OK,OK,OK,OK,CANNOT-SELECT,OK,OK,CANNOT-SELECT,OK,CANNOT-SELECT,OK,OK,OK,CANNOT-SELECT,CANNOT-SELECT,OK,CANNOT-SELECT,OK,OK,OK,OK,OK,OK,OK,OK,CANNOT-SELECT,CANNOT-SELECT,OK,CANNOT-SELECT,CANNOT-SELECT,OK,OK,OK,OK,OK,OK,CANNOT-SELECT,OK,OK,OK,OK,CANNOT-SELECT,OK,OK,OK,OK,OK,CANNOT-SELECT,CANNOT-SELECT,OK,OK,OK,OK
21,11/04/25 12:49,11/04/25 12:51,guard21@example.edu,Last21,Last21,First21,OK,CANNOT-SELECT,OK,OK,OK,OK,OK,OK,OK,OK,CANNOT-SELECT,OK,CANNOT-SELECT,CANNOT-SELECT,OK,CANNOT-SELECT,OK,OK,OK,OK,CANNOT-SELECT,OK,OK,CANNOT-SELECT,CANNOT-SELECT,CANNOT-SELECT,CANNOT-SELECT,OK,OK,CANNOT-SELECT,CANNOT-SELECT,CANNOT-SELECT,OK,OK,OK,CANNOT-SELECT,OK,CANNOT-SELECT,OK,OK,OK,OK,OK,OK,OK,CANNOT-SELECT,CANNOT-SELECT,OK,OK,OK,OK,OK,OK,OK,OK,OK,OK,OK,CANNOT-SELECT,OK,OK,CANNOT-SELECT,OK,OK,OK,CANNOT-SELECT,OK
22,11/04/25 12:49,11/04/25 12:51,guard22@example.edu,Last22,Last22,First22,OK,OK,CANNOT-SELECT,OK,CANNOT-SELECT,OK,OK,OK,OK,OK,OK,CANNOT-SELECT,OK,OK,CANNOT-SELECT,OK,OK,CANNOT-SELECT,OK,OK,OK,OK,CANNOT-SELECT,OK,OK,OK,OK,OK,CANNOT-SELECT,OK,OK,CANNOT-SELECT,OK,OK,OK,CANNOT-SELECT,OK,OK,CANNOT-SELECT,OK,CANNOT-SELECT,OK,OK,OK,CANNOT-SELECT,OK,OK,OK,CANNOT-SELECT,CANNOT-SELECT,OK,OK,CANNOT-SELECT,OK,CANNOT-SELECT,OK,OK,OK,OK,OK,OK,CANNOT-SELECT,CANNOT-SELECT,CANNOT-SELECT,OK,CANNOT-SELECT,OK
23,11/04/25 12:49,11/04/25 12:51,guard23@example.edu,Last23,Last23,First23,OK,CANNOT-SELECT,CANNOT-SELECT,OK,CANNOT-SELECT,OK,CANNOT-SELECT,OK,OK,OK,OK,OK,OK,CANNOT-SELECT,CANNOT-SELECT,OK,OK,OK,OK,OK,OK,OK,OK,OK,OK,OK,CANNOT-SELECT,OK,CANNOT-SELECT,OK,CANNOT-SELECT,CANNOT-SELECT,OK,OK,OK,OK,CANNOT-SELECT,OK,OK,CANNOT-SELECT,OK,OK,OK,OK,OK,OK,CANNOT-SELECT,CANNOT-SELECT,OK,CANNOT-SELECT,OK,OK,OK,CANNOT-SELECT,OK,CANNOT-SELECT,OK,OK,CANNOT-SELECT,OK,OK,CANNOT-SELECT,OK,OK,OK,CANNOT-SELECT,OK
24,11/04/25 12:49,11/04/25 12:51,guard24@example.edu,Last24,Last24,First24,CANNOT-SELECT,OK,OK,OK,OK,OK,OK,CANNOT-SELECT,OK,OK,OK,OK,OK,OK,OK,OK,OK,OK,OK,OK,OK,OK,OK,OK,CANNOT-SELECT,CANNOT-SELECT,OK,OK,OK,OK,OK,OK,CANNOT-SELECT,OK,CANNOT-SELECT,OK,OK,OK,CANNOT-SELECT,CANNOT-SELECT,CANNOT-SELECT,OK,CANNOT-SELECT,CANNOT-SELECT,OK,CANNOT-SELECT,OK,OK,OK,CANNOT-SELECT,CANNOT-SELECT,OK,OK,OK,CANNOT-SELECT,OK,CANNOT-SELECT,CANNOT-SELECT,OK,OK,CANNOT-SELECT,CANNOT-SELECT,OK,OK,OK,OK,CANNOT-SELECT
25,11/04/25 12:49,11/04/25 12:51,guard25@example.edu,Last25,Last25,First25,OK,CANNOT-SELECT,OK,OK,OK,OK,CANNOT-SELECT,OK,CANNOT-SELECT,CANNOT-SELECT,OK,OK,OK,OK,CANNOT-SELECT,CANNOT-SELECT,CANNOT-SELECT,OK,OK,OK,CANNOT-SELECT,OK,OK,OK,CANNOT-SELECT,OK,CANNOT-SELECT,CANNOT-SELECT,OK,OK,OK,OK,OK,CANNOT-SELECT,CANNOT-SELECT,OK,OK,OK,OK,OK,OK,OK,CANNOT-SELECT,OK,OK,OK,OK,OK,OK,OK,OK,OK,OK,OK,OK,CANNOT-SELECT,OK,OK,CANNOT-SELECT,CANNOT-SELECT,CANNOT-SELECT,OK,CANNOT-SELECT,OK,OK,OK,CANNOT-SELECT
26,11/04/25 12:49,11/04/25 12:51,guard26@example.edu,Last26,Last26,First26,CANNOT-SELECT,CANNOT-SELECT,OK,OK,OK,OK,OK,OK,OK,CANNOT-SELECT,OK,CANNOT-SELECT,OK,CANNOT-SELECT,OK,CANNOT-SELECT,OK,CANNOT-SELECT,OK,OK,OK,OK,CANNOT-SELECT,CANNOT-SELECT,CANNOT-SELECT,OK,OK,OK,OK,OK,CANNOT-SELECT,OK,CANNOT-SELECT,OK,CANNOT-SELECT,OK,OK,OK,OK,CANNOT-SELECT,OK,OK,OK,OK,CANNOT-SELECT,OK,OK,OK,CANNOT-SELECT,OK,OK,CANNOT-SELECT,OK,OK,OK,OK,CANNOT-SELECT,OK,OK,CANNOT-SELECT,OK,OK,OK,OK,CANNOT-SELECT,OK,OK
27,11/04/25 12:49,11/04/25 12:51,guard27@example.edu,Last27,Last27,First27,OK,OK,OK,OK,CANNOT-SELECT,CANNOT-SELECT,CANNOT-SELECT,OK,OK,OK,OK,OK,OK,OK,OK,OK,OK,OK,OK,OK,OK,CANNOT-SELECT,CANNOT-SELECT,CANNOT-SELECT,CANNOT-SELECT,OK,OK,OK,OK,CANNOT-SELECT,OK,OK,OK,OK,OK,CANNOT-SELECT,OK,OK,OK,CANNOT-SELECT,OK,OK,OK,OK,CANNOT-SELECT,OK,OK,CANNOT-SELECT,OK,OK,OK,CANNOT-SELECT,CANNOT-SELECT,OK,CANNOT-SELECT,OK,CANNOT-SELECT,OK,CANNOT-SELECT,OK,CANNOT-SELECT,CANNOT-SELECT,OK,CANNOT-SELECT,OK,OK,OK
28,11/04/25 12:49,11/04/25 12:51,guard28@example.edu,Last28,Last28,First28,OK,OK,CANNOT-SELECT,OK,CANNOT-SELECT,OK,CANNOT-SELECT,OK,OK,OK,CANNOT-SELECT,CANNOT-SELECT,OK,OK,OK,CANNOT-SELECT,OK,CANNOT-SELECT,OK,OK,OK,OK,OK,OK,OK,OK,CANNOT-SELECT,OK,OK,OK,OK,CANNOT-SELECT,OK,OK,OK,OK,OK,OK,OK,OK,OK,OK,CANNOT-SELECT,OK,OK,CANNOT-SELECT,OK,CANNOT-SELECT,CANNOT-SELECT,OK,OK,CANNOT-SELECT,CANNOT-SELECT,OK,OK,OK,OK,CANNOT-SELECT,OK,CANNOT-SELECT,OK,CANNOT-SELECT,OK,OK,OK,CANNOT-SELECT,CANNOT-SELECT
29,11/04/25 12:49,11/04/25 12:51,guard29@example.edu,Last29,Last29,First29,OK,OK,OK,OK,CANNOT-SELECT,OK,OK,OK,CANNOT-SELECT,CANNOT-SELECT,OK,OK,OK,OK,OK,OK,OK,OK,OK,CANNOT-SELECT,OK,OK,OK,OK,OK,OK,OK,OK,CANNOT-SELECT,CANNOT-SELECT,OK,OK,MUST-SELECT,OK,OK,OK,CANNOT-SELECT,CANNOT-SELECT,CANNOT-SELECT,OK,OK,OK,OK,OK,CANNOT-SELECT,OK,OK,OK,CANNOT-SELECT,CANNOT-SELECT,CANNOT-SELECT,CANNOT-SELECT,OK,OK,OK,OK,CANNOT-SELECT,OK,OK,CANNOT-SELECT,OK,CANNOT-SELECT,OK,CANNOT-SELECT,OK,CANNOT-SELECT,CANNOT-SELECT
30,11/04/25 12:49,11/04/25 12:51,guard30@example.edu,Last30,Last30,First30,CANNOT-SELECT,OK,OK,OK,CANNOT-SELECT,OK,MUST-SELECT,OK,OK,OK,CANNOT-SELECT,CANNOT-SELECT,OK,CANNOT-SELECT,OK,CANNOT-SELECT,OK,CANNOT-SELECT,CANNOT-SELECT,OK,OK,OK,OK,OK,OK,OK,OK,OK,CANNOT-SELECT,OK,OK,CANNOT-SELECT,CANNOT-SELECT,CANNOT-SELECT,OK,CANNOT-SELECT,OK,OK,OK,CANNOT-SELECT,CANNOT-SELECT,OK,OK,OK,CANNOT-SELECT,OK,OK,OK,CANNOT-SELECT,OK,OK,OK,CANNOT-SELECT,CANNOT-SELECT,OK,CANNOT-SELECT,OK,OK,OK,OK,OK,OK,OK,OK,OK,OK,OK
31,11/04/25 12:49,11/04/25 12:51,guard31@example.edu,Last31,Last31,First31,CANNOT-SELECT,CANNOT-SELECT,CANNOT-SELECT,OK,OK,OK,OK,OK,OK,OK,OK,OK,OK,OK,OK,OK,CANNOT-SELECT,OK,OK,OK,CANNOT-SELECT,OK,CANNOT-SELECT,OK,OK,OK,CANNOT-SELECT,OK,OK,OK,CANNOT-SELECT,CANNOT-SELECT,CANNOT-SELECT,OK,OK,OK,OK,OK,CANNOT-SELECT,CANNOT-SELECT,CANNOT-SELECT,OK,OK,OK,OK,OK,OK,OK,CANNOT-SELECT,CANNOT-SELECT,OK,OK,OK,CANNOT-SELECT,OK,CANNOT-SELECT,CANNOT-SELECT,OK,CANNOT-SELECT,OK,OK,OK,OK,CANNOT-SELECT,OK,OK,OK
32,11/04/25 12:49,11/04/25 12:51,guard32@example.edu,Last32,Last32,First32,OK,OK,CANNOT-SELECT,OK,OK,OK,OK,OK,OK,OK,OK,OK,OK,CANNOT-SELECT,CANNOT-SELECT,OK,CANNOT-SELECT,OK,OK,CANNOT-SELECT,CANNOT-SELECT,OK,OK,OK,OK,OK,CANNOT-SELECT,OK,OK,CANNOT-SELECT,OK,OK,OK,OK,OK,OK,CANNOT-SELECT,OK,OK,OK,CANNOT-SELECT,OK,OK,OK,OK,CANNOT-SELECT,OK,OK,CANNOT-SELECT,CANNOT-SELECT,OK,CANNOT-SELECT,OK,CANNOT-SELECT,OK,OK,CANNOT-SELECT,OK,CANNOT-SELECT,CANNOT-SELECT,OK,CANNOT-SELECT,OK,OK,CANNOT-SELECT,OK,OK
33,11/04/25 12:49,11/04/25 12:51,guard33@example.edu,Last33,Last33,First33,OK,OK,OK,OK,CANNOT-SELECT,OK,OK,CANNOT-SELECT,OK,OK,CANNOT-SELECT,OK,OK,OK,OK,CANNOT-SELECT,OK,CANNOT-SELECT,OK,OK,CANNOT-SELECT,OK,OK,CANNOT-SELECT,OK,OK,CANNOT-SELECT,OK,OK,CANNOT-SELECT,OK,OK,CANNOT-SELECT,OK,OK,CANNOT-SELECT,OK,OK,OK,OK,CANNOT-SELECT,OK,OK,OK,OK,OK,OK,OK,OK,CANNOT-SELECT,OK,OK,CANNOT-SELECT,OK,CANNOT-SELECT,OK,CANNOT-SELECT,CANNOT-SELECT,OK,CANNOT-SELECT,CANNOT-SELECT,OK,OK,CANNOT-SELECT,OK,OK,OK
34,11/04/25 12:49,11/04/25 12:51,guard34@example.edu,Last34,Last34,First34,CANNOT-SELECT,OK,OK,OK,CANNOT-SELECT,CANNOT-SELECT,CANNOT-SELECT,OK,OK,OK,OK,OK,OK,OK,CANNOT-SELECT,CANNOT-SELECT,OK,CANNOT-SELECT,OK,OK,OK,OK,CANNOT-SELECT,OK,OK,OK,CANNOT-SELECT,OK,OK,CANNOT-SELECT,OK,OK,OK,OK,OK,OK,OK,OK,CANNOT-SELECT,OK,OK,OK,OK,CANNOT-SELECT,CANNOT-SELECT,CANNOT-SELECT,OK,CANNOT-SELECT,OK,OK,CANNOT-SELECT,OK,OK,CANNOT-SELECT,OK,OK,CANNOT-SELECT,OK,CANNOT-SELECT,OK,OK,CANNOT-SELECT,OK,OK,OK,OK,OK
35,11/04/25 12:49,11/04/25 12:51,guard35@example.edu,Last35,Last35,First35,OK,OK,OK,OK,CANNOT-SELECT,OK,OK,CANNOT-SELECT,OK,OK,OK,OK,OK,OK,CANNOT-SELECT,OK,CANNOT-SELECT,OK,OK,OK,OK,OK,CANNOT-SELECT,CANNOT-SELECT,CANNOT-SELECT,OK,OK,CANNOT-SELECT,OK,OK,CANNOT-SELECT,CANNOT-SELECT,CANNOT-SELECT,CANNOT-SELECT,OK,OK,OK,OK,OK,CANNOT-SELECT,OK,OK,OK,CANNOT-SELECT,OK,CANNOT-SELECT,OK,OK,OK,OK,CANNOT-SELECT,OK,CANNOT-SELECT,OK,OK,CANNOT-SELECT,OK,CANNOT-SELECT,OK,CANNOT-SELECT,OK,OK,OK,OK,OK,OK,OK
36,11/04/25 12:49,11/04/25 12:51,guard36@example.edu,Last36,Last36,First36,OK,CANNOT-SELECT,OK,CANNOT-SELECT,CANNOT-SELECT,CANNOT-SELECT,OK,CANNOT-SELECT,OK,OK,CANNOT-SELECT,CANNOT-SELECT,OK,OK,OK,OK,CANNOT-SELECT,OK,CANNOT-SELECT,OK,CANNOT-SELECT,OK,OK,OK,OK,OK,OK,CANNOT-SELECT,OK,CANNOT-SELECT,OK,CANNOT-SELECT,OK,OK,OK,OK,OK,OK,OK,OK,OK,OK,OK,OK,CANNOT-SELECT,OK,OK,OK,OK,OK,OK,OK,OK,CANNOT-SELECT,OK,OK,CANNOT-SELECT,CANNOT-SELECT,CANNOT-SELECT,OK,OK,OK,OK,OK,CANNOT-SELECT,CANNOT-SELECT,OK
37,11/04/25 12:49,11/04/25 12:51,guard37@example.edu,Last37,Last37,First37,OK,OK,OK,OK,OK,OK,OK,OK,OK,CANNOT-SELECT,CANNOT-SELECT,OK,OK,OK,OK,OK,CANNOT-SELECT,OK,OK,CANNOT-SELECT,OK,OK,OK,CANNOT-SELECT,CANNOT-SELECT,OK,OK,OK,OK,OK,OK,OK,OK,OK,OK,OK,CANNOT-SELECT,CANNOT-SELECT,OK,OK,OK,OK,CANNOT-SELECT,OK,CANNOT-SELECT,CANNOT-SELECT,CANNOT-SELECT,CANNOT-SELECT,CANNOT-SELECT,CANNOT-SELECT,CANNOT-SELECT,OK,OK,OK,OK,OK,OK,OK,CANNOT-SELECT,OK,OK,OK,OK,CANNOT-SELECT,CANNOT-SELECT,CANNOT-SELECT,OK
38,11/04/25 12:49,11/04/25 12:51,guard38@example.edu,Last38,Last38,First38,CANNOT-SELECT,OK,OK,CANNOT-SELECT,OK,CANNOT-SELECT,OK,OK,OK,OK,OK,CANNOT-SELECT,OK,OK,OK,OK,OK,OK,OK,OK,OK,CANNOT-SELECT,OK,OK,OK,OK,OK,CANNOT-SELECT,OK,MUST-SELECT,CANNOT-SELECT,OK,CANNOT-SELECT,OK,CANNOT-SELECT,OK,OK,OK,CANNOT-SELECT,OK,OK,CANNOT-SELECT,CANNOT-SELECT,OK,CANNOT-SELECT,CANNOT-SELECT,CANNOT-SELECT,OK,OK,OK,CANNOT-SELECT,OK,OK,CANNOT-SELECT,OK,OK,OK,OK,OK,OK,OK,CANNOT-SELECT,OK,CANNOT-SELECT,CANNOT-SELECT,OK,OK
39,11/04/25 12:49,11/04/25 12:51,guard39@example.edu,Last39,Last39,First39,OK,OK,CANNOT-SELECT,OK,OK,CANNOT-SELECT,OK,CANNOT-SELECT,CANNOT-SELECT,CANNOT-SELECT,CANNOT-SELECT,CANNOT-SELECT,OK,OK,OK,OK,OK,OK,CANNOT-SELECT,CANNOT-SELECT,OK,OK,OK,OK,OK,OK,OK,OK,OK,OK,OK,OK,OK,OK,CANNOT-SELECT,CANNOT-SELECT,CANNOT-SELECT,OK,OK,OK,OK,OK,OK,OK,OK,OK,OK,CANNOT-SELECT,OK,OK,OK,CANNOT-SELECT,OK,CANNOT-SELECT,OK,CANNOT-SELECT,CANNOT-SELECT,CANNOT-SELECT,OK,OK,OK,OK,CANNOT-SELECT,OK,CANNOT-SELECT,OK,OK
40,11/04/25 12:49,11/04/25 12:51,guard40@example.edu,Last40,Last40,First40,CANNOT-SELECT,CANNOT-SELECT,OK,CANNOT-SELECT,OK,OK,CANNOT-SELECT,OK,OK,CANNOT-SELECT,OK,OK,OK,OK,OK,CANNOT-SELECT,CANNOT-SELECT,OK,CANNOT-SELECT,CANNOT-SELECT,OK,OK,OK,CANNOT-SELECT,CANNOT-SELECT,OK,CANNOT-SELECT,CANNOT-SELECT,OK,OK,OK,OK,OK,OK,OK,CANNOT-SELECT,OK,OK,OK,OK,OK,OK,OK,OK,OK,OK,OK,CANNOT-SELECT,CANNOT-SELECT,CANNOT-SELECT,OK,OK,MUST-SELECT,CANNOT-SELECT,CANNOT-SELECT,OK,CANNOT-SELECT,OK,OK,OK,OK,OK,OK,OK,OK,OK,OK
41,11/04/25 12:49,11/04/25 12:51,guard41@example.edu,Last41,Last41,First41,CANNOT-SELECT,OK,CANNOT-SELECT,OK,CANNOT-SELECT,OK,OK,CANNOT-SELECT,OK,OK,OK,OK,OK,OK,OK,CANNOT-SELECT,OK,OK,CANNOT-SELECT,CANNOT-SELECT,CANNOT-SELECT,OK,OK,CANNOT-SELECT,OK,OK,OK,OK,OK,CANNOT-SELECT,OK,OK,OK,CANNOT-SELECT,OK,OK,OK,OK,OK,CANNOT-SELECT,CANNOT-SELECT,CANNOT-SELECT,CANNOT-SELECT,OK,OK,OK,OK,OK,CANNOT-SELECT,CANNOT-SELECT,OK,CANNOT-SELECT,MUST-SELECT,OK,OK,CANNOT-SELECT,OK,OK,OK,OK,OK,OK,OK,OK,OK,OK,CANNOT-SELECT
42,11/04/25 12:49,11/04/25 12:51,guard42@example.edu,Last42,Last42,First42,CANNOT-SELECT,OK,OK,OK,OK,OK,OK,OK,CANNOT-SELECT,OK,CANNOT-SELECT,OK,OK,CANNOT-SELECT,OK,OK,CANNOT-SELECT,CANNOT-SELECT,OK,OK,OK,OK,CANNOT-SELECT,OK,OK,OK,OK,OK,OK,OK,CANNOT-SELECT,OK,OK,OK,CANNOT-SELECT,OK,OK,OK,CANNOT-SELECT,OK,CANNOT-SELECT,CANNOT-SELECT,OK,OK,OK,CANNOT-SELECT,CANNOT-SELECT,CANNOT-SELECT,OK,OK,OK,OK,OK,CANNOT-SELECT,CANNOT-SELECT,CANNOT-SELECT,OK,OK,OK,OK,OK,CANNOT-SELECT,OK,OK,CANNOT-SELECT,OK,OK
43,11/04/25 12:49,11/04/25 12:51,guard43@example.edu,Last43,Last43,First43,CANNOT-SELECT,OK,CANNOT-SELECT,CANNOT-SELECT,OK,OK,OK,OK,OK,OK,CANNOT-SELECT,OK,CANNOT-SELECT,CANNOT-SELECT,OK,OK,CANNOT-SELECT,OK,OK,OK,CANNOT-SELECT,OK,OK,OK,CANNOT-SELECT,OK,OK,OK,OK,OK,OK,OK,CANNOT-SELECT,OK,CANNOT-SELECT,OK,OK,OK,CANNOT-SELECT,CANNOT-SELECT,MUST-SELECT,OK,CANNOT-SELECT,OK,OK,CANNOT-SELECT,CANNOT-SELECT,OK,OK,CANNOT-SELECT,OK,OK,OK,OK,OK,OK,OK,CANNOT-SELECT,OK,OK,OK,OK,CANNOT-SELECT,CANNOT-SELECT,OK,OK,OK
44,11/04/25 12:49,11/04/25 12:51,guard44@example.edu,Last44,Last44,First44,CANNOT-SELECT,OK,OK,OK,OK,OK,CANNOT-SELECT,CANNOT-SELECT,OK,OK,CANNOT-SELECT,OK,OK,CANNOT-SELECT,OK,OK,CANNOT-SELECT,OK,OK,CANNOT-SELECT,CANNOT-SELECT,CANNOT-SELECT,OK,CANNOT-SELECT,OK,OK,OK,OK,OK,OK,OK,OK,OK,OK,OK,OK,CANNOT-SELECT,OK,OK,OK,CANNOT-SELECT,OK,OK,CANNOT-SELECT,OK,CANNOT-SELECT,OK,OK,OK,OK,OK,CANNOT-SELECT,CANNOT-SELECT,OK,CANNOT-SELECT,OK,OK,CANNOT-SELECT,OK,OK,OK,OK,CANNOT-SELECT,OK,CANNOT-SELECT,OK,OK
45,11/04/25 12:49,11/04/25 12:51,guard45@example.edu,Last45,Last45,First45,OK,OK,OK,OK,OK,OK,CANNOT-SELECT,OK,CANNOT-SELECT,CANNOT-SELECT,MUST-SELECT,OK,OK,CANNOT-SELECT,CANNOT-SELECT,OK,OK,CANNOT-SELECT,OK,OK,OK,CANNOT-SELECT,CANNOT-SELECT,OK,OK,OK,OK,CANNOT-SELECT,OK,OK,OK,OK,OK,OK,OK,OK,OK,OK,OK,CANNOT-SELECT,OK,OK,OK,OK,OK,OK,CANNOT-SELECT,OK,CANNOT-SELECT,CANNOT-SELECT,OK,OK,CANNOT-SELECT,CANNOT-SELECT,OK,OK,CANNOT-SELECT,OK,OK,CANNOT-SELECT,OK,OK,OK,CANNOT-SELECT,OK,CANNOT-SELECT,CANNOT-SELECT
46,11/04/25 12:49,11/04/25 12:51,guard46@example.edu,Last46,Last46,First46,OK,OK,CANNOT-SELECT,OK,OK,OK,OK,OK,CANNOT-SELECT,CANNOT-SELECT,OK,OK,OK,CANNOT-SELECT,OK,OK,CANNOT-SELECT,OK,OK,OK,OK,CANNOT-SELECT,OK,OK,OK,OK,OK,OK,CANNOT-SELECT,CANNOT-SELECT,CANNOT-SELECT,OK,OK,OK,OK,OK,CANNOT-SELECT,OK,CANNOT-SELECT,OK,CANNOT-SELECT,CANNOT-SELECT,OK,OK,OK,OK,CANNOT-SELECT,CANNOT-SELECT,OK,OK,OK,CANNOT-SELECT,CANNOT-SELECT,OK,OK,OK,OK,CANNOT-SELECT,OK,OK,CANNOT-SELECT,OK,OK,OK,MUST-SELECT,OK,CANNOT-SELECT
47,11/04/25 12:49,11/04/25 12:51,guard47@example.edu,Last47,Last47,First47,OK,OK,OK,OK,OK,OK,CANNOT-SELECT,CANNOT-SELECT,CANNOT-SELECT,OK,OK,CANNOT-SELECT,OK,CANNOT-SELECT,OK,OK,OK,OK,OK,OK,OK,CANNOT-SELECT,CANNOT-SELECT,OK,OK,OK,OK,OK,CANNOT-SELECT,OK,OK,OK,CANNOT-SELECT,OK,OK,CANNOT-SELECT,CANNOT-SELECT,OK,OK,OK,OK,OK,OK,CANNOT-SELECT,CANNOT-SELECT,CANNOT-SELECT,CANNOT-SELECT,OK,OK,CANNOT-SELECT,OK,CANNOT-SELECT,OK,OK,CANNOT-SELECT,OK,OK,OK,OK,OK,CANNOT-SELECT,OK,CANNOT-SELECT,MUST-SELECT,OK,OK,OK
48,11/04/25 12:49,11/04/25 12:51,guard48@example.edu,Last48,Last48,First48,CANNOT-SELECT,OK,CANNOT-SELECT,CANNOT-SELECT,OK,OK,OK,OK,CANNOT-SELECT,OK,CANNOT-SELECT,OK,CANNOT-SELECT,CANNOT-SELECT,OK,OK,OK,OK,CANNOT-SELECT,OK,OK,OK,CANNOT-SELECT,OK,OK,OK,OK,CANNOT-SELECT,OK,OK,CANNOT-SELECT,OK,OK,OK,OK,OK,OK,OK,OK,CANNOT-SELECT,OK,CANNOT-SELECT,OK,CANNOT-SELECT,CANNOT-SELECT,OK,OK,OK,OK,CANNOT-SELECT,OK,OK,OK,OK,OK,CANNOT-SELECT,OK,CANNOT-SELECT,CANNOT-SELECT,OK,OK,OK,CANNOT-SELECT,OK,OK,MUST-SELECT,OK
49,11/04/25 12:49,11/04/25 12:51,guard49@example.edu,Last49,Last49,First49,OK,OK,OK,OK,OK,CANNOT-SELECT,CANNOT-SELECT,OK,OK,OK,OK,OK,OK,OK,OK,OK,CANNOT-SELECT,CANNOT-SELECT,OK,OK,CANNOT-SELECT,OK,OK,CANNOT-SELECT,OK,CANNOT-SELECT,CANNOT-SELECT,OK,CANNOT-SELECT,CANNOT-SELECT,OK,CANNOT-SELECT,OK,OK,OK,OK,OK,CANNOT-SELECT,OK,CANNOT-SELECT,OK,OK,OK,CANNOT-SELECT,CANNOT-SELECT,OK,OK,OK,OK,OK,OK,OK,OK,CANNOT-SELECT,CANNOT-SELECT,OK,OK,OK,OK,CANNOT-SELECT,OK,CANNOT-SELECT,OK,OK,OK,CANNOT-SELECT,OK
50,11/04/25 12:49,11/04/25 12:51,guard50@example.edu,Last50,Last50,First50,CANNOT-SELECT,OK,OK,OK,OK,CANNOT-SELECT,OK,CANNOT-SELECT,OK,CANNOT-SELECT,OK,OK,OK,OK,OK,CANNOT-SELECT,OK,OK,OK,OK,CANNOT-SELECT,OK,CANNOT-SELECT,OK,OK,OK,CANNOT-SELECT,CANNOT-SELECT,CANNOT-SELECT,OK,OK,OK,CANNOT-SELECT,OK,CANNOT-SELECT,CANNOT-SELECT,OK,OK,OK,OK,OK,OK,CANNOT-SELECT,OK,OK,OK,OK,OK,OK,CANNOT-SELECT,CANNOT-SELECT,OK,OK,OK,OK,OK,OK,CANNOT-SELECT,OK,CANNOT-SELECT,OK,OK,OK,CANNOT-SELECT,OK,CANNOT-SELECT,OK
