Id,Start time,Completion time,Email,Name,Last name,First name,Slot 1,Slot 2,Slot 3,Slot 4,Slot 5,Slot 6,Slot 7,Slot 8,Slot 9,Slot 10,Slot 11,Slot 12,Slot 13,Slot 14,Slot 15,Slot 16,Slot 17,Slot 18,Slot 19,Slot 20,Slot 21,Slot 22,Slot 23,Slot 24,Slot 25,Slot 26,Slot 27,Slot 28,Slot 29,Slot 30,Slot 31,Slot 32,Slot 33,Slot 34,Slot 35,Slot 36,Slot 37,Slot 38,Slot 39,Slot 40,Slot 41,Slot 42,Slot 43,Slot 44,Slot 45,Slot 46,Slot 47,Slot 48,Slot 49,Slot 50,Slot 51,Slot 52,Slot 53,Slot 54,Slot 55,Slot 56,Slot 57,Slot 58,Slot 59,Slot 60,Slot 61,Slot 62,Slot 63,Slot 64,Slot 65,Slot 66,Slot 67
1,10/21/25 14:39,10/21/25 14:41,guard1@example.edu,Last1,Last1,First1,OK,OK,OK,OK,OK,OK,OK,OK,CANNOT-SELECT,OK,CANNOT-SELECT,OK,OK,CANNOT-SELECT,OK,OK,CANNOT-SELECT,CANNOT-SELECT,OK,OK,OK,OK,OK,OK,OK,OK,OK,MUST-SELECT,OK,OK,CANNOT-SELECT,OK,OK,OK,CANNOT-SELECT,OK,OK,OK,CANNOT-SELECT,OK,CANNOT-SELECT,CANNOT-SELECT,OK,OK,OK,CANNOT-SELECT,OK,CANNOT-SELECT,OK,OK,OK,OK,OK,CANNOT-SELECT,CANNOT-SELECT,CANNOT-SELECT,OK,OK,OK,OK,OK,OK,OK,OK,OK,OK,OK
2,10/21/25 14:39,10/21/25 14:41,guard2@example.edu,Last2,Last2,First2,CANNOT-SELECT,OK,OK,CANNOT-SELECT,OK,OK,OK,OK,OK,OK,CANNOT-SELECT,OK,CANNOT-SELECT,CANNOT-SELECT,OK,OK,CANNOT-SELECT,OK,OK,OK,OK,OK,OK,OK,OK,OK,OK,OK,OK,OK,OK,OK,CANNOT-SELECT,OK,CANNOT-SELECT,OK,OK,OK,CANNOT-SELECT,OK,OK,OK,CANNOT-SELECT,OK,OK,CANNOT-SELECT,OK,OK,OK,CANNOT-SELECT,OK,OK,OK,OK,OK,OK,OK,CANNOT-SELECT,OK,MUST-SELECT,OK,OK,CANNOT-SELECT,CANNOT-SELECT,OK,OK,OK
3,10/21/25 14:39,10/21/25 14:41,guard3@example.edu,Last3,Last3,First3,CANNOT-SELECT,OK,OK,OK,OK,OK,CANNOT-SELECT,CANNOT-SELECT,OK,OK,CANNOT-SELECT,OK,OK,OK,OK,OK,CANNOT-SELECT,OK,OK,CANNOT-SELECT,CANNOT-SELECT,OK,OK,CANNOT-SELECT,OK,OK,OK,OK,OK,OK,OK,OK,OK,OK,OK,OK,CANNOT-SELECT,OK,OK,OK,CANNOT-SELECT,OK,OK,OK,OK,OK,OK,OK,OK,OK,OK,CANNOT-SELECT,OK,OK,CANNOT-SELECT,MUST-SELECT,OK,CANNOT-SELECT,OK,OK,OK,OK,CANNOT-SELECT,OK,CANNOT-SELECT,OK,OK
4,10/21/25 14:39,10/21/25 14:41,guard4@example.edu,Last4,Last4,First4,OK,OK,OK,OK,OK,OK,CANNOT-SELECT,OK,CANNOT-SELECT,CANNOT-SELECT,OK,MUST-SELECT,OK,OK,OK,OK,OK,CANNOT-SELECT,OK,OK,OK,CANNOT-SELECT,CANNOT-SELECT,OK,OK,OK,OK,OK,OK,OK,OK,OK,OK,OK,OK,OK,OK,OK,OK,CANNOT-SELECT,OK,OK,OK,OK,OK,OK,CANNOT-SELECT,OK,CANNOT-SELECT,CANNOT-SELECT,OK,OK,CANNOT-SELECT,CANNOT-SELECT,OK,OK,CANNOT-SELECT,OK,OK,CANNOT-SELECT,OK,OK,OK,OK,OK,OK,CANNOT-SELECT
5,10/21/25 14:39,10/21/25 14:41,guard5@example.edu,Last5,Last5,First5,OK,OK,CANNOT-SELECT,OK,OK,OK,OK,OK,CANNOT-SELECT,OK,OK,OK,OK,CANNOT-SELECT,OK,OK,CANNOT-SELECT,OK,OK,OK,MUST-SELECT,CANNOT-SELECT,OK,OK,OK,OK,OK,OK,CANNOT-SELECT,CANNOT-SELECT,OK,OK,OK,OK,OK,OK,CANNOT-SELECT,OK,CANNOT-SELECT,OK,CANNOT-SELECT,OK,OK,OK,OK,OK,CANNOT-SELECT,CANNOT-SELECT,OK,OK,OK,CANNOT-SELECT,CANNOT-SELECT,OK,OK,OK,OK,OK,OK,OK,CANNOT-SELECT,OK,OK,OK,OK,OK,OK
6,10/21/25 14:39,10/21/25 14:41,guard6@example.edu,Last6,Last6,First6,OK,OK,OK,OK,OK,OK,MUST-SELECT,CANNOT-SELECT,CANNOT-SELECT,OK,OK,CANNOT-SELECT,OK,OK,OK,OK,OK,OK,OK,OK,OK,CANNOT-SELECT,OK,OK,OK,OK,OK,OK,CANNOT-SELECT,OK,OK,OK,OK,OK,OK,CANNOT-SELECT,CANNOT-SELECT,OK,OK,OK,OK,OK,OK,CANNOT-SELECT,OK,CANNOT-SELECT,CANNOT-SELECT,OK,OK,CANNOT-SELECT,OK,CANNOT-SELECT,OK,OK,CANNOT-SELECT,OK,OK,OK,OK,OK,CANNOT-SELECT,OK,CANNOT-SELECT,OK,OK,OK,OK
7,10/21/25 14:39,10/21/25 14:41,guard7@example.edu,Last7,Last7,First7,CANNOT-SELECT,OK,CANNOT-SELECT,CANNOT-SELECT,OK,OK,OK,OK,CANNOT-SELECT,OK,CANNOT-SELECT,OK,OK,OK,OK,OK,OK,MUST-SELECT,OK,OK,OK,OK,CANNOT-SELECT,OK,OK,OK,OK,CANNOT-SELECT,OK,OK,CANNOT-SELECT,OK,OK,OK,OK,OK,OK,OK,OK,CANNOT-SELECT,OK,OK,OK,CANNOT-SELECT,CANNOT-SELECT,OK,OK,OK,OK,CANNOT-SELECT,OK,OK,OK,OK,OK,CANNOT-SELECT,OK,OK,CANNOT-SELECT,OK,OK,OK,CANNOT-SELECT,OK,OK,OK,OK
8,10/21/25 14:39,10/21/25 14:41,guard8@example.edu,Last8,Last8,First8,OK,OK,OK,OK,OK,CANNOT-SELECT,CANNOT-SELECT,OK,OK,OK,OK,OK,OK,OK,OK,OK,CANNOT-SELECT,OK,OK,OK,CANNOT-SELECT,OK,OK,CANNOT-SELECT,OK,CANNOT-SELECT,OK,OK,CANNOT-SELECT,OK,OK,CANNOT-SELECT,OK,OK,MUST-SELECT,OK,OK,CANNOT-SELECT,OK,OK,OK,OK,OK,CANNOT-SELECT,CANNOT-SELECT,OK,OK,OK,OK,OK,OK,OK,OK,CANNOT-SELECT,CANNOT-SELECT,OK,OK,OK,OK,CANNOT-SELECT,OK,CANNOT-SELECT,OK,OK,OK,OK,OK
9,10/21/25 14:39,10/21/25 14:41,guard9@example.edu,Last9,Last9,First9,CANNOT-SELECT,OK,OK,OK,OK,CANNOT-SELECT,OK,CANNOT-SELECT,OK,OK,OK,OK,OK,OK,OK,OK,OK,OK,OK,OK,CANNOT-SELECT,OK,CANNOT-SELECT,OK,OK,OK,CANNOT-SELECT,CANNOT-SELECT,OK,OK,OK,OK,CANNOT-SELECT,OK,CANNOT-SELECT,CANNOT-SELECT,OK,OK,OK,OK,OK,OK,OK,OK,OK,OK,OK,OK,OK,CANNOT-SELECT,CANNOT-SELECT,OK,OK,OK,MUST-SELECT,OK,OK,OK,OK,CANNOT-SELECT,OK,OK,OK,CANNOT-SELECT,OK,CANNOT-SELECT,OK
10,10/21/25 14:39,10/21/25 14:41,guard10@example.edu,Last10,Last10,First10,OK,OK,CANNOT-SELECT,OK,OK,OK,OK,OK,CANNOT-SELECT,OK,CANNOT-SELECT,OK,OK,OK,OK,CANNOT-SELECT,CANNOT-SELECT,OK,OK,OK,CANNOT-SELECT,OK,OK,CANNOT-SELECT,OK,OK,CANNOT-SELECT,CANNOT-SELECT,OK,CANNOT-SELECT,OK,OK,OK,OK,OK,CANNOT-SELECT,OK,OK,OK,OK,OK,CANNOT-SELECT,OK,OK,OK,CANNOT-SELECT,OK,MUST-SELECT,OK,CANNOT-SELECT,OK,CANNOT-SELECT,OK,OK,OK,OK,OK,OK,OK,OK,OK,OK,OK,OK,OK,OK,OK
11,10/21/25 14:39,10/21/25 14:41,guard11@example.edu,Last11,Last11,First11,OK,OK,OK,OK,OK,CANNOT-SELECT,OK,OK,OK,OK,OK,OK,CANNOT-SELECT,OK,OK,CANNOT-SELECT,CANNOT-SELECT,OK,OK,OK,OK,OK,OK,OK,OK,CANNOT-SELECT,CANNOT-SELECT,OK,OK,CANNOT-SELECT,OK,CANNOT-SELECT,CANNOT-SELECT,OK,OK,OK,OK,OK,OK,CANNOT-SELECT,OK,OK,OK,OK,OK,CANNOT-SELECT,OK,OK,CANNOT-SELECT,OK,OK,OK,OK,OK,OK,OK,CANNOT-SELECT,OK,CANNOT-SELECT,OK,OK,MUST-SELECT,OK,CANNOT-SELECT,OK,OK,OK
12,10/21/25 14:39,10/21/25 14:41,guard12@example.edu,Last12,Last12,First12,OK,CANNOT-SELECT,CANNOT-SELECT,OK,OK,OK,CANNOT-SELECT,OK,OK,OK,OK,OK,OK,OK,OK,OK,CANNOT-SELECT,CANNOT-SELECT,CANNOT-SELECT,OK,OK,CANNOT-SELECT,OK,OK,CANNOT-SELECT,OK,OK,OK,OK,CANNOT-SELECT,OK,CANNOT-SELECT,OK,OK,OK,OK,OK,CANNOT-SELECT,OK,OK,OK,OK,OK,OK,OK,OK,CANNOT-SELECT,OK,OK,CANNOT-SELECT,OK,MUST-SELECT,CANNOT-SELECT,OK,OK,CANNOT-SELECT,OK,OK,OK,OK,OK,OK,OK,OK,OK,OK,OK
13,10/21/25 14:39,10/21/25 14:41,guard13@example.edu,Last13,Last13,First13,OK,MUST-SELECT,OK,OK,CANNOT-SELECT,OK,OK,OK,OK,CANNOT-SELECT,OK,OK,OK,OK,OK,OK,OK,CANNOT-SELECT,CANNOT-SELECT,OK,CANNOT-SELECT,OK,OK,OK,OK,OK,OK,OK,CANNOT-SELECT,CANNOT-SELECT,OK,CANNOT-SELECT,OK,OK,OK,CANNOT-SELECT,OK,OK,OK,OK,OK,OK,OK,OK,OK,OK,CANNOT-SELECT,OK,CANNOT-SELECT,OK,OK,OK,CANNOT-SELECT,OK,CANNOT-SELECT,CANNOT-SELECT,OK,OK,OK,OK,OK,OK,CANNOT-SELECT,OK,OK,OK,OK
14,10/21/25 14:39,10/21/25 14:41,guard14@example.edu,Last14,Last14,First14,CANNOT-SELECT,OK,OK,OK,OK,OK,OK,OK,OK,OK,OK,OK,OK,CANNOT-SELECT,OK,OK,OK,OK,OK,OK,CANNOT-SELECT,CANNOT-SELECT,OK,OK,OK,OK,OK,OK,OK,OK,CANNOT-SELECT,OK,CANNOT-SELECT,OK,OK,OK,OK,OK,OK,OK,OK,OK,CANNOT-SELECT,CANNOT-SELECT,OK,CANNOT-SELECT,CANNOT-SELECT,CANNOT-SELECT,MUST-SELECT,OK,OK,OK,CANNOT-SELECT,OK,OK,OK,OK,OK,CANNOT-SELECT,OK,OK,OK,OK,OK,CANNOT-SELECT,CANNOT-SELECT,OK
15,10/21/25 14:39,10/21/25 14:41,guard15@example.edu,Last15,Last15,First15,OK,OK,OK,OK,OK,CANNOT-SELECT,OK,CANNOT-SELECT,CANNOT-SELECT,OK,OK,OK,OK,OK,OK,OK,CANNOT-SELECT,OK,CANNOT-SELECT,OK,OK,OK,OK,OK,CANNOT-SELECT,OK,OK,OK,OK,OK,OK,OK,OK,CANNOT-SELECT,CANNOT-SELECT,CANNOT-SELECT,OK,CANNOT-SELECT,MUST-SELECT,CANNOT-SELECT,OK,CANNOT-SELECT,OK,CANNOT-SELECT,OK,OK,OK,CANNOT-SELECT,CANNOT-SELECT,OK,OK,OK,OK,OK,OK,OK,OK,OK,OK,OK,OK,OK,OK,OK,OK,OK,OK
16,10/21/25 14:39,10/21/25 14:41,guard16@example.edu,Last16,Last16,First16,OK,OK,CANNOT-SELECT,OK,OK,OK,OK,OK,OK,OK,OK,CANNOT-SELECT,OK,OK,OK,CANNOT-SELECT,OK,OK,CANNOT-SELECT,OK,OK,OK,OK,OK,CANNOT-SELECT,MUST-SELECT,OK,CANNOT-SELECT,OK,CANNOT-SELECT,OK,OK,CANNOT-SELECT,OK,OK,OK,OK,OK,OK,CANNOT-SELECT,OK,OK,CANNOT-SELECT,OK,OK,OK,CANNOT-SELECT,OK,OK,CANNOT-SELECT,OK,CANNOT-SELECT,OK,OK,OK,CANNOT-SELECT,OK,OK,OK,OK,OK,OK,CANNOT-SELECT,OK,OK,OK,OK
17,10/21/25 14:39,10/21/25 14:41,guard17@example.edu,Last17,Last17,First17,CANNOT-SELECT,OK,OK,OK,OK,OK,OK,OK,OK,OK,OK,OK,CANNOT-SELECT,CANNOT-SELECT,OK,OK,OK,OK,OK,OK,OK,OK,OK,OK,OK,OK,OK,OK,OK,CANNOT-SELECT,OK,OK,OK,CANNOT-SELECT,CANNOT-SELECT,OK,OK,OK,OK,CANNOT-SELECT,CANNOT-SELECT,OK,OK,OK,OK,OK,CANNOT-SELECT,OK,OK,OK,OK,OK,CANNOT-SELECT,CANNOT-SELECT,OK,OK,CANNOT-SELECT,OK,CANNOT-SELECT,OK,OK,MUST-SELECT,CANNOT-SELECT,CANNOT-SELECT,OK,OK,OK
18,10/21/25 14:39,10/21/25 14:41,guard18@example.edu,Last18,Last18,First18,CANNOT-SELECT,OK,OK,OK,OK,OK,OK,OK,CANNOT-SELECT,CANNOT-SELECT,OK,OK,OK,CANNOT-SELECT,CANNOT-SELECT,OK,OK,OK,CANNOT-SELECT,CANNOT-SELECT,OK,OK,CANNOT-SELECT,OK,CANNOT-SELECT,CANNOT-SELECT,OK,OK,OK,OK,OK,OK,OK,OK,OK,OK,OK,CANNOT-SELECT,OK,OK,OK,OK,CANNOT-SELECT,OK,OK,OK,OK,OK,OK,OK,OK,OK,OK,OK,OK,CANNOT-SELECT,OK,OK,CANNOT-SELECT,OK,OK,OK,MUST-SELECT,OK,CANNOT-SELECT,OK,OK
19,10/21/25 14:39,10/21/25 14:41,guard19@example.edu,Last19,Last19,First19,OK,OK,OK,CANNOT-SELECT,OK,CANNOT-SELECT,OK,MUST-SELECT,OK,OK,OK,CANNOT-SELECT,OK,OK,OK,CANNOT-SELECT,OK,OK,OK,OK,OK,OK,OK,CANNOT-SELECT,OK,OK,OK,OK,OK,OK,OK,OK,OK,CANNOT-SELECT,OK,OK,OK,OK,OK,OK,OK,CANNOT-SELECT,OK,OK,OK,OK,OK,CANNOT-SELECT,OK,CANNOT-SELECT,OK,OK,OK,CANNOT-SELECT,OK,CANNOT-SELECT,CANNOT-SELECT,OK,OK,CANNOT-SELECT,OK,OK,OK,CANNOT-SELECT,OK,OK,CANNOT-SELECT
20,10/21/25 14:39,10/21/25 14:41,guard20@example.edu,Last20,Last20,First20,OK,OK,OK,CANNOT-SELECT,CANNOT-SELECT,OK,OK,OK,OK,CANNOT-SELECT,OK,OK,OK,CANNOT-SELECT,OK,OK,CANNOT-SELECT,CANNOT-SELECT,OK,OK,OK,OK,OK,OK,OK,OK,CANNOT-SELECT,OK,OK,OK,OK,OK,OK,OK,OK,OK,OK,OK,CANNOT-SELECT,OK,OK,OK,OK,OK,CANNOT-SELECT,OK,OK,OK,CANNOT-SELECT,CANNOT-SELECT,OK,OK,CANNOT-SELECT,OK,OK,OK,OK,OK,OK,CANNOT-SELECT,OK,CANNOT-SELECT,OK,OK,MUST-SELECT,OK,CANNOT-SELECT
21,10/21/25 14:39,10/21/25 14:41,guard21@example.edu,Last21,Last21,First21,OK,OK,OK,CANNOT-SELECT,CANNOT-SELECT,OK,OK,OK,OK,OK,OK,CANNOT-SELECT,OK,OK,OK,OK,CANNOT-SELECT,OK,OK,OK,OK,OK,CANNOT-SELECT,OK,OK,CANNOT-SELECT,OK,OK,OK,OK,OK,OK,OK,OK,CANNOT-SELECT,OK,MUST-SELECT,CANNOT-SELECT,OK,OK,OK,OK,CANNOT-SELECT,OK,CANNOT-SELECT,OK,OK,OK,OK,CANNOT-SELECT,CANNOT-SELECT,OK,CANNOT-SELECT,OK,OK,CANNOT-SELECT,OK,OK,CANNOT-SELECT,OK,OK,OK,OK,OK,OK,OK,OK
22,10/21/25 14:39,10/21/25 14:41,guard22@example.edu,Last22,Last22,First22,CANNOT-SELECT,OK,OK,OK,OK,OK,OK,OK,OK,OK,OK,OK,OK,OK,CANNOT-SELECT,OK,OK,OK,OK,OK,OK,CANNOT-SELECT,OK,CANNOT-SELECT,OK,OK,OK,OK,OK,OK,OK,OK,OK,OK,OK,OK,CANNOT-SELECT,CANNOT-SELECT,OK,OK,CANNOT-SELECT,OK,OK,CANNOT-SELECT,CANNOT-SELECT,OK,OK,OK,OK,OK,CANNOT-SELECT,OK,CANNOT-SELECT,CANNOT-SELECT,CANNOT-SELECT,OK,OK,OK,CANNOT-SELECT,CANNOT-SELECT,OK,OK,OK,OK,OK,MUST-SELECT,OK
23,10/21/25 14:39,10/21/25 14:41,guard23@example.edu,Last23,Last23,First23,CANNOT-SELECT,OK,OK,OK,OK,OK,OK,OK,CANNOT-SELECT,OK,OK,OK,OK,OK,OK,OK,CANNOT-SELECT,OK,OK,OK,OK,OK,OK,OK,OK,OK,OK,OK,CANNOT-SELECT,CANNOT-SELECT,OK,OK,CANNOT-SELECT,CANNOT-SELECT,OK,OK,OK,OK,OK,OK,OK,MUST-SELECT,CANNOT-SELECT,CANNOT-SELECT,OK,OK,OK,CANNOT-SELECT,CANNOT-SELECT,OK,OK,OK,OK,OK,CANNOT-SELECT,OK,CANNOT-SELECT,CANNOT-SELECT,OK,CANNOT-SELECT,OK,OK,OK,OK,OK,OK,OK
24,10/21/25 14:39,10/21/25 14:41,guard24@example.edu,Last24,Last24,First24,CANNOT-SELECT,OK,OK,OK,OK,CANNOT-SELECT,OK,OK,OK,OK,OK,OK,OK,OK,CANNOT-SELECT,OK,OK,OK,OK,OK,CANNOT-SELECT,CANNOT-SELECT,OK,OK,CANNOT-SELECT,OK,OK,OK,OK,OK,OK,OK,OK,OK,OK,OK,OK,CANNOT-SELECT,OK,CANNOT-SELECT,OK,CANNOT-SELECT,OK,MUST-SELECT,CANNOT-SELECT,OK,CANNOT-SELECT,OK,CANNOT-SELECT,OK,OK,OK,CANNOT-SELECT,OK,OK,CANNOT-SELECT,CANNOT-SELECT,OK,OK,OK,OK,OK,OK,OK,OK,OK,OK
25,10/21/25 14:39,10/21/25 14:41,guard25@example.edu,Last25,Last25,First25,OK,OK,MUST-SELECT,OK,OK,OK,OK,OK,OK,OK,OK,OK,CANNOT-SELECT,CANNOT-SELECT,CANNOT-SELECT,OK,OK,CANNOT-SELECT,OK,OK,CANNOT-SELECT,OK,OK,OK,OK,OK,OK,OK,OK,OK,OK,OK,OK,CANNOT-SELECT,CANNOT-SELECT,OK,OK,OK,OK,OK,CANNOT-SELECT,OK,CANNOT-SELECT,OK,OK,CANNOT-SELECT,OK,OK,OK,CANNOT-SELECT,CANNOT-SELECT,OK,OK,OK,OK,OK,OK,OK,CANNOT-SELECT,OK,OK,CANNOT-SELECT,OK,OK,OK,CANNOT-SELECT,OK
26,10/21/25 14:39,10/21/25 14:41,guard26@example.edu,Last26,Last26,First26,OK,MUST-SELECT,OK,CANNOT-SELECT,OK,CANNOT-SELECT,CANNOT-SELECT,OK,CANNOT-SELECT,CANNOT-SELECT,OK,OK,CANNOT-SELECT,OK,OK,OK,OK,OK,OK,OK,OK,OK,OK,OK,CANNOT-SELECT,OK,CANNOT-SELECT,OK,OK,OK,OK,OK,OK,CANNOT-SELECT,OK,CANNOT-SELECT,OK,CANNOT-SELECT,OK,OK,OK,OK,OK,OK,OK,OK,OK,OK,OK,OK,CANNOT-SELECT,OK,OK,OK,OK,OK,OK,CANNOT-SELECT,OK,OK,OK,OK,OK,CANNOT-SELECT,CANNOT-SELECT,OK,OK
27,10/21/25 14:39,10/21/25 14:41,guard27@example.edu,Last27,Last27,First27,CANNOT-SELECT,OK,CANNOT-SELECT,OK,OK,OK,CANNOT-SELECT,OK,OK,OK,OK,OK,OK,OK,CANNOT-SELECT,OK,OK,OK,OK,OK,OK,OK,OK,OK,OK,CANNOT-SELECT,OK,OK,OK,OK,CANNOT-SELECT,OK,OK,OK,OK,CANNOT-SELECT,OK,OK,OK,CANNOT-SELECT,CANNOT-SELECT,OK,OK,CANNOT-SELECT,OK,OK,OK,MUST-SELECT,OK,OK,OK,OK,OK,CANNOT-SELECT,OK,OK,CANNOT-SELECT,OK,OK,OK,CANNOT-SELECT,OK,CANNOT-SELECT,OK,OK,CANNOT-SELECT,OK
28,10/21/25 14:39,10/21/25 14:41,guard28@example.edu,Last28,Last28,First28,CANNOT-SELECT,OK,OK,OK,OK,CANNOT-SELECT,OK,OK,OK,OK,OK,CANNOT-SELECT,OK,OK,CANNOT-SELECT,CANNOT-SELECT,OK,CANNOT-SELECT,OK,OK,OK,OK,OK,OK,OK,OK,OK,OK,MUST-SELECT,OK,OK,OK,OK,OK,OK,OK,CANNOT-SELECT,OK,OK,OK,CANNOT-SELECT,OK,OK,OK,OK,CANNOT-SELECT,CANNOT-SELECT,OK,OK,OK,CANNOT-SELECT,OK,OK,CANNOT-SELECT,CANNOT-SELECT,OK,CANNOT-SELECT,OK,OK,OK,OK,OK,OK,OK,CANNOT-SELECT,OK,OK
29,10/21/25 14:39,10/21/25 14:41,guard29@example.edu,Last29,Last29,First29,OK,OK,OK,CANNOT-SELECT,CANNOT-SELECT,CANNOT-SELECT,OK,OK,CANNOT-SELECT,OK,OK,CANNOT-SELECT,CANNOT-SELECT,OK,OK,OK,OK,OK,CANNOT-SELECT,OK,OK,CANNOT-SELECT,OK,OK,OK,OK,OK,OK,OK,OK,OK,OK,CANNOT-SELECT,OK,OK,OK,OK,OK,OK,CANNOT-SELECT,OK,OK,OK,CANNOT-SELECT,OK,OK,OK,OK,OK,OK,CANNOT-SELECT,OK,MUST-SELECT,CANNOT-SELECT,CANNOT-SELECT,OK,OK,OK,OK,OK,OK,OK,CANNOT-SELECT,OK,OK,OK,OK
30,10/21/25 14:39,10/21/25 14:41,guard30@example.edu,Last30,Last30,First30,OK,CANNOT-SELECT,CANNOT-SELECT,OK,OK,OK,OK,OK,CANNOT-SELECT,OK,CANNOT-SELECT,OK,OK,OK,OK,OK,OK,OK,OK,OK,OK,OK,CANNOT-SELECT,MUST-SELECT,OK,OK,OK,OK,OK,OK,CANNOT-SELECT,OK,OK,OK,CANNOT-SELECT,OK,OK,CANNOT-SELECT,CANNOT-SELECT,OK,OK,CANNOT-SELECT,OK,OK,OK,CANNOT-SELECT,OK,OK,OK,OK,OK,OK,CANNOT-SELECT,OK,CANNOT-SELECT,OK,OK,OK,CANNOT-SELECT,CANNOT-SELECT,OK,OK,OK,OK,OK,OK,OK
31,10/21/25 14:39,10/21/25 14:41,guard31@example.edu,Last31,Last31,First31,OK,OK,OK,OK,CANNOT-SELECT,OK,CANNOT-SELECT,OK,OK,OK,OK,OK,OK,OK,OK,OK,OK,OK,OK,OK,OK,OK,CANNOT-SELECT,CANNOT-SELECT,OK,OK,OK,OK,OK,OK,CANNOT-SELECT,MUST-SELECT,OK,CANNOT-SELECT,OK,CANNOT-SELECT,OK,OK,OK,OK,OK,OK,CANNOT-SELECT,CANNOT-SELECT,OK,CANNOT-SELECT,OK,OK,OK,OK,OK,CANNOT-SELECT,OK,CANNOT-SELECT,OK,OK,OK,OK,CANNOT-SELECT,CANNOT-SELECT,OK,CANNOT-SELECT,OK,OK,OK,OK,OK
32,10/21/25 14:39,10/21/25 14:41,guard32@example.edu,Last32,Last32,First32,OK,OK,OK,OK,OK,OK,OK,OK,CANNOT-SELECT,OK,OK,CANNOT-SELECT,MUST-SELECT,OK,OK,OK,OK,CANNOT-SELECT,OK,OK,OK,CANNOT-SELECT,OK,CANNOT-SELECT,OK,OK,OK,OK,OK,OK,OK,OK,CANNOT-SELECT,OK,CANNOT-SELECT,OK,OK,OK,CANNOT-SELECT,CANNOT-SELECT,OK,OK,OK,OK,CANNOT-SELECT,CANNOT-SELECT,OK,OK,OK,OK,OK,OK,CANNOT-SELECT,OK,OK,OK,OK,OK,OK,OK,OK,CANNOT-SELECT,CANNOT-SELECT,CANNOT-SELECT,OK,OK,OK
33,10/21/25 14:39,10/21/25 14:41,guard33@example.edu,Last33,Last33,First33,OK,OK,OK,OK,CANNOT-SELECT,CANNOT-SELECT,OK,OK,CANNOT-SELECT,OK,OK,OK,CANNOT-SELECT,OK,CANNOT-SELECT,OK,OK,OK,OK,OK,OK,OK,OK,OK,CANNOT-SELECT,CANNOT-SELECT,OK,OK,OK,OK,CANNOT-SELECT,OK,CANNOT-SELECT,CANNOT-SELECT,OK,OK,OK,CANNOT-SELECT,OK,CANNOT-SELECT,OK,CANNOT-SELECT,OK,OK,OK,OK,OK,OK,OK,OK,OK,OK,OK,OK,CANNOT-SELECT,OK,OK,OK,MUST-SELECT,OK,OK,OK,OK,OK,OK,CANNOT-SELECT,OK
34,10/21/25 14:39,10/21/25 14:41,guard34@example.edu,Last34,Last34,First34,OK,CANNOT-SELECT,CANNOT-SELECT,OK,OK,OK,OK,OK,OK,OK,OK,OK,OK,CANNOT-SELECT,OK,OK,MUST-SELECT,CANNOT-SELECT,CANNOT-SELECT,OK,OK,OK,OK,OK,OK,OK,OK,OK,OK,OK,OK,OK,OK,OK,OK,OK,OK,OK,CANNOT-SELECT,OK,OK,OK,CANNOT-SELECT,OK,OK,OK,CANNOT-SELECT,CANNOT-SELECT,OK,CANNOT-SELECT,CANNOT-SELECT,OK,OK,CANNOT-SELECT,OK,CANNOT-SELECT,OK,OK,CANNOT-SELECT,OK,CANNOT-SELECT,OK,OK,OK,OK,OK,OK
35,10/21/25 14:39,10/21/25 14:41,guard35@example.edu,Last35,Last35,First35,OK,OK,OK,OK,OK,OK,OK,OK,CANNOT-SELECT,OK,OK,CANNOT-SELECT,OK,OK,OK,CANNOT-SELECT,OK,OK,OK,OK,OK,CANNOT-SELECT,CANNOT-SELECT,OK,OK,OK,OK,OK,OK,CANNOT-SELECT,OK,OK,OK,OK,MUST-SELECT,OK,OK,CANNOT-SELECT,OK,CANNOT-SELECT,CANNOT-SELECT,OK,OK,OK,OK,OK,OK,CANNOT-SELECT,OK,OK,CANNOT-SELECT,OK,OK,OK,CANNOT-SELECT,CANNOT-SELECT,OK,OK,OK,OK,OK,CANNOT-SELECT,OK,CANNOT-SELECT,OK,OK,OK
36,10/21/25 14:39,10/21/25 14:41,guard36@example.edu,Last36,Last36,First36,CANNOT-SELECT,OK,OK,OK,OK,OK,OK,OK,CANNOT-SELECT,CANNOT-SELECT,OK,OK,CANNOT-SELECT,OK,OK,OK,CANNOT-SELECT,CANNOT-SELECT,OK,OK,CANNOT-SELECT,OK,OK,OK,CANNOT-SELECT,CANNOT-SELECT,OK,OK,OK,OK,OK,CANNOT-SELECT,OK,MUST-SELECT,OK,OK,OK,OK,OK,OK,CANNOT-SELECT,OK,OK,OK,OK,OK,OK,CANNOT-SELECT,OK,CANNOT-SELECT,OK,OK,OK,OK,CANNOT-SELECT,OK,OK,OK,OK,OK,OK,OK,CANNOT-SELECT,OK,OK,OK,OK
37,10/21/25 14:39,10/21/25 14:41,guard37@example.edu,Last37,Last37,First37,OK,OK,OK,OK,OK,CANNOT-SELECT,OK,OK,CANNOT-SELECT,OK,CANNOT-SELECT,CANNOT-SELECT,OK,OK,OK,OK,OK,OK,OK,CANNOT-SELECT,OK,OK,OK,CANNOT-SELECT,OK,OK,OK,CANNOT-SELECT,OK,OK,CANNOT-SELECT,OK,OK,OK,OK,OK,CANNOT-SELECT,CANNOT-SELECT,OK,CANNOT-SELECT,OK,OK,OK,MUST-SELECT,OK,OK,OK,OK,CANNOT-SELECT,OK,OK,OK,OK,OK,OK,OK,OK,CANNOT-SELECT,OK,CANNOT-SELECT,OK,CANNOT-SELECT,OK,OK,OK,OK,OK
38,10/21/25 14:39,10/21/25 14:41,guard38@example.edu,Last38,Last38,First38,OK,OK,OK,OK,OK,CANNOT-SELECT,OK,OK,OK,OK,OK,OK,OK,OK,CANNOT-SELECT,CANNOT-SELECT,OK,CANNOT-SELECT,OK,OK,OK,OK,OK,CANNOT-SELECT,OK,OK,OK,OK,OK,CANNOT-SELECT,CANNOT-SELECT,OK,OK,OK,CANNOT-SELECT,CANNOT-SELECT,OK,CANNOT-SELECT,OK,OK,CANNOT-SELECT,OK,OK,CANNOT-SELECT,OK,OK,OK,OK,OK,OK,OK,OK,OK,OK,OK,OK,OK,OK,CANNOT-SELECT,OK,OK,OK,CANNOT-SELECT,CANNOT-SELECT,MUST-SELECT,OK,OK
39,10/21/25 14:39,10/21/25 14:41,guard39@example.edu,Last39,Last39,First39,OK,OK,OK,OK,OK,CANNOT-SELECT,CANNOT-SELECT,OK,OK,CANNOT-SELECT,OK,CANNOT-SELECT,OK,CANNOT-SELECT,OK,OK,OK,OK,OK,CANNOT-SELECT,OK,CANNOT-SELECT,OK,OK,OK,OK,OK,OK,OK,OK,OK,CANNOT-SELECT,OK,OK,OK,OK,CANNOT-SELECT,OK,OK,OK,OK,OK,OK,OK,OK,CANNOT-SELECT,OK,OK,OK,OK,OK,OK,CANNOT-SELECT,OK,OK,OK,MUST-SELECT,OK,OK,OK,OK,OK,CANNOT-SELECT,CANNOT-SELECT,CANNOT-SELECT,OK,CANNOT-SELECT
40,10/21/25 14:39,10/21/25 14:41,guard40@example.edu,Last40,Last40,First40,OK,CANNOT-SELECT,CANNOT-SELECT,OK,OK,OK,OK,OK,OK,OK,CANNOT-SELECT,OK,OK,OK,OK,OK,OK,OK,OK,OK,OK,CANNOT-SELECT,OK,OK,OK,OK,OK,OK,CANNOT-SELECT,OK,OK,CANNOT-SELECT,OK,CANNOT-SELECT,OK,CANNOT-SELECT,OK,OK,OK,CANNOT-SELECT,OK,CANNOT-SELECT,OK,CANNOT-SELECT,OK,OK,OK,OK,CANNOT-SELECT,OK,MUST-SELECT,OK,OK,OK,OK,OK,OK,CANNOT-SELECT,CANNOT-SELECT,OK,OK,CANNOT-SELECT,OK,OK,OK,OK,OK
41,10/21/25 14:39,10/21/25 14:41,guard41@example.edu,Last41,Last41,First41,OK,OK,CANNOT-SELECT,OK,OK,OK,OK,OK,OK,OK,OK,OK,OK,OK,CANNOT-SELECT,CANNOT-SELECT,OK,OK,OK,OK,MUST-SELECT,OK,OK,OK,OK,OK,OK,OK,CANNOT-SELECT,OK,OK,OK,CANNOT-SELECT,OK,OK,CANNOT-SELECT,OK,OK,OK,CANNOT-SELECT,OK,OK,OK,OK,OK,OK,OK,OK,CANNOT-SELECT,OK,CANNOT-SELECT,CANNOT-SELECT,OK,OK,OK,OK,CANNOT-SELECT,OK,OK,OK,CANNOT-SELECT,OK,CANNOT-SELECT,OK,CANNOT-SELECT,OK,CANNOT-SELECT
42,10/21/25 14:39,10/21/25 14:41,guard42@example.edu,Last42,Last42,First42,OK,OK,OK,CANNOT-SELECT,OK,CANNOT-SELECT,OK,CANNOT-SELECT,OK,CANNOT-SELECT,OK,OK,OK,CANNOT-SELECT,OK,OK,OK,OK,OK,OK,CANNOT-SELECT,OK,OK,OK,OK,OK,OK,OK,OK,OK,CANNOT-SELECT,OK,CANNOT-SELECT,OK,OK,OK,CANNOT-SELECT,OK,OK,OK,CANNOT-SELECT,CANNOT-SELECT,OK,OK,OK,OK,OK,MUST-SELECT,CANNOT-SELECT,OK,OK,OK,OK,OK,CANNOT-SELECT,OK,OK,OK,CANNOT-SELECT,OK,OK,CANNOT-SELECT,OK,OK,OK,OK,OK
43,10/21/25 14:39,10/21/25 14:41,guard43@example.edu,Last43,Last43,First43,OK,OK,CANNOT-SELECT,OK,OK,OK,OK,OK,OK,CANNOT-SELECT,OK,OK,CANNOT-SELECT,OK,CANNOT-SELECT,OK,OK,CANNOT-SELECT,OK,OK,OK,OK,OK,OK,CANNOT-SELECT,OK,OK,CANNOT-SELECT,OK,OK,OK,OK,OK,CANNOT-SELECT,OK,OK,CANNOT-SELECT,OK,OK,OK,CANNOT-SELECT,OK,OK,OK,CANNOT-SELECT,OK,OK,CANNOT-SELECT,OK,OK,OK,OK,OK,OK,OK,CANNOT-SELECT,OK,OK,CANNOT-SELECT,OK,OK,CANNOT-SELECT,OK,MUST-SELECT,OK,OK,OK
44,10/21/25 14:39,10/21/25 14:41,guard44@example.edu,Last44,Last44,First44,OK,OK,OK,OK,CANNOT-SELECT,OK,OK,OK,CANNOT-SELECT,CANNOT-SELECT,OK,CANNOT-SELECT,OK,CANNOT-SELECT,OK,OK,OK,OK,OK,CANNOT-SELECT,OK,OK,OK,OK,OK,OK,MUST-SELECT,OK,OK,CANNOT-SELECT,CANNOT-SELECT,OK,CANNOT-SELECT,OK,OK,CANNOT-SELECT,OK,OK,OK,OK,OK,OK,OK,OK,OK,OK,OK,CANNOT-SELECT,OK,OK,OK,OK,OK,CANNOT-SELECT,OK,CANNOT-SELECT,OK,OK,OK,CANNOT-SELECT,OK,OK,OK,OK,OK,OK,CANNOT-SELECT
45,10/21/25 14:39,10/21/25 14:41,guard45@example.edu,Last45,Last45,First45,OK,OK,OK,CANNOT-SELECT,OK,OK,OK,OK,OK,CANNOT-SELECT,OK,CANNOT-SELECT,OK,OK,OK,OK,CANNOT-SELECT,OK,OK,OK,OK,OK,CANNOT-SELECT,CANNOT-SELECT,OK,CANNOT-SELECT,OK,OK,OK,CANNOT-SELECT,CANNOT-SELECT,OK,OK,OK,OK,OK,CANNOT-SELECT,OK,OK,OK,CANNOT-SELECT,OK,OK,OK,OK,OK,OK,OK,OK,CANNOT-SELECT,OK,OK,OK,CANNOT-SELECT,OK,CANNOT-SELECT,OK,OK,CANNOT-SELECT,OK,MUST-SELECT,OK,OK,OK,OK,OK,OK
46,10/21/25 14:39,10/21/25 14:41,guard46@example.edu,Last46,Last46,First46,OK,OK,OK,OK,OK,CANNOT-SELECT,OK,OK,CANNOT-SELECT,CANNOT-SELECT,OK,OK,OK,OK,OK,OK,OK,OK,OK,OK,OK,OK,OK,CANNOT-SELECT,OK,OK,CANNOT-SELECT,CANNOT-SELECT,OK,OK,OK,OK,OK,OK,CANNOT-SELECT,OK,OK,OK,OK,OK,CANNOT-SELECT,OK,CANNOT-SELECT,OK,OK,CANNOT-SELECT,OK,CANNOT-SELECT,OK,OK,OK,OK,OK,MUST-SELECT,OK,OK,CANNOT-SELECT,OK,OK,OK,CANNOT-SELECT,OK,CANNOT-SELECT,OK,OK,CANNOT-SELECT,OK
47,10/21/25 14:39,10/21/25 14:41,guard47@example.edu,Last47,Last47,First47,OK,CANNOT-SELECT,OK,CANNOT-SELECT,OK,OK,OK,OK,OK,CANNOT-SELECT,CANNOT-SELECT,OK,OK,OK,CANNOT-SELECT,CANNOT-SELECT,OK,OK,OK,OK,OK,OK,OK,OK,OK,OK,CANNOT-SELECT,OK,MUST-SELECT,OK,OK,OK,CANNOT-SELECT,CANNOT-SELECT,OK,OK,CANNOT-SELECT,OK,OK,CANNOT-SELECT,CANNOT-SELECT,OK,OK,OK,OK,OK,OK,OK,OK,OK,OK,OK,CANNOT-SELECT,CANNOT-SELECT,OK,OK,OK,OK,OK,OK,CANNOT-SELECT,OK,OK,OK,OK,OK,OK
48,10/21/25 14:39,10/21/25 14:41,guard48@example.edu,Last48,Last48,First48,OK,CANNOT-SELECT,OK,CANNOT-SELECT,OK,OK,OK,OK,OK,OK,OK,CANNOT-SELECT,OK,OK,OK,OK,OK,OK,OK,OK,OK,OK,OK,OK,OK,OK,OK,CANNOT-SELECT,OK,CANNOT-SELECT,OK,OK,CANNOT-SELECT,OK,OK,OK,CANNOT-SELECT,MUST-SELECT,OK,CANNOT-SELECT,CANNOT-SELECT,OK,OK,OK,OK,CANNOT-SELECT,OK,OK,CANNOT-SELECT,OK,OK,OK,OK,OK,OK,OK,CANNOT-SELECT,OK,OK,OK,CANNOT-SELECT,CANNOT-SELECT,OK,CANNOT-SELECT,OK,OK,OK
49,10/21/25 14:39,10/21/25 14:41,guard49@example.edu,Last49,Last49,First49,CANNOT-SELECT,CANNOT-SELECT,OK,OK,OK,OK,OK,CANNOT-SELECT,OK,OK,CANNOT-SELECT,OK,OK,OK,OK,OK,OK,OK,OK,OK,OK,OK,OK,CANNOT-SELECT,CANNOT-SELECT,OK,CANNOT-SELECT,OK,OK,OK,CANNOT-SELECT,OK,OK,OK,CANNOT-SELECT,OK,OK,OK,OK,OK,MUST-SELECT,CANNOT-SELECT,OK,OK,OK,OK,OK,OK,OK,OK,CANNOT-SELECT,OK,OK,OK,OK,OK,CANNOT-SELECT,OK,OK,CANNOT-SELECT,CANNOT-SELECT,OK,OK,CANNOT-SELECT,OK,OK,OK
50,10/21/25 14:39,10/21/25 14:41,guard50@example.edu,Last50,Last50,First50,CANNOT-SELECT,OK,CANNOT-SELECT,CANNOT-SELECT,OK,OK,OK,CANNOT-SELECT,OK,OK,OK,OK,OK,OK,OK,CANNOT-SELECT,CANNOT-SELECT,OK,OK,OK,OK,OK,OK,OK,OK,OK,OK,OK,OK,OK,OK,CANNOT-SELECT,OK,OK,CANNOT-SELECT,OK,CANNOT-SELECT,OK,OK,OK,OK,CANNOT-SELECT,OK,CANNOT-SELECT,CANNOT-SELECT,OK,OK,OK,OK,OK,OK,OK,OK,CANNOT-SELECT,OK,OK,OK,OK,CANNOT-SELECT,OK,OK,OK,CANNOT-SELECT,OK,MUST-SELECT,OK,OK
